3.48495e-09
1.8635786e-08
1.2523198e-08
2.5988205e-09
2.4699192e-08
2.9183957e-09
1.1721921e-08
3.2191735e-10
1.1915352e-08
3.833714e-10
3.2305464e-10
9.903467e-10
5.292051e-11
1.2153245e-10
3.7355674e-10
6.168052e-11
2.1959974e-10
8.348165e-10
8.3246005e-10
2.5703895e-10
1.3722112e-10
7.2149847e-10
9.967747e-10
8.298621e-09
9.894423e-10
1.933643e-08
1.3318846e-09
1.0100341e-08
5.7287856e-08
4.153648e-09
1.6244527e-09
1.0553115e-08
4.780592e-09
1.2184661e-08
2.3049407e-09
1.7173878e-09
4.073954e-09
3.1447231e-09
7.459385e-08
6.553512e-10
1.1963327e-09
2.3775042e-09
1.1220542e-08
3.3031095e-10
2.1835804e-10
8.183578e-09
6.693944e-10
1.6790196e-09
3.979566e-09
1.2490552e-10
7.751541e-10
1.2670787e-09
1.6762174e-08
1.2197149e-08
3.2549792e-09
1.720437e-09
4.355527e-09
1.6230218e-09
2.187624e-10
1.545022e-09
5.18061e-09
7.7707185e-08
1.010616e-08
4.0648263e-09
4.0044926e-10
1.9612298e-08
9.2295677e-10
1.0795918e-08
8.0613266e-10
1.2174086e-09
1.3748265e-09
3.4273495e-09
6.9655803e-10
4.4437348e-10
1.6136382e-09
1.2951389e-09
1.1806823e-09
6.229073e-10
7.847347e-09
2.5399653e-09
1.0338557e-09
5.2978737e-09
1.7281361e-09
5.2812343e-10
1.009843e-09
4.3806967e-09
3.4155834e-09
8.869499e-08
9.126273e-09
1.1769825e-07
9.1855046e-10
3.4034518e-11
1.1798285e-10
2.7416508e-10
3.5825792e-10
6.262796e-11
1.4917795e-09
5.1057425e-09
5.1106996e-10
2.3333968e-07
1.6646542e-09
5.199151e-09
1.8288648e-09
9.979256e-10
1.0180044e-08
2.2159254e-09
4.2222306e-09
3.091885e-09
8.7758767e-10
8.945672e-10
3.748819e-08
8.9865265e-10
2.1496933e-07
1.12947705e-08
1.7803568e-08
1.2673646e-06
1.9275037e-09
3.4737149e-09
2.9186573e-09
4.6669553e-09
9.440249e-09
2.2099487e-09
2.0204526e-10
9.1283403e-10
1.0995082e-08
7.99395e-08
3.1987017e-09
4.0588994e-09
1.5180072e-10
2.6301605e-10
3.8350683e-09
4.1936534e-11
8.6888513e-10
1.5969077e-10
1.8204773e-09
4.6651173e-11
6.569745e-10
4.4068582e-10
5.170154e-10
4.7052637e-09
1.0370335e-09
3.8688258e-10
3.7973624e-10
6.805265e-09
2.6153644e-09
1.1258652e-09
4.5652435e-08
2.2891233e-10
1.508615e-10
2.4490567e-09
8.818416e-09
2.9919376e-05
6.9232453e-07
9.332105e-06
1.6256578e-06
5.649834e-07
1.7338008e-06
5.6701268e-08
6.471581e-06
8.445657e-05
2.6916746e-07
0.00039488665
0.047778055
2.5957097e-05
1.708648e-05
2.276996e-06
0.0010317442
0.0006993245
0.000864006
4.459962e-06
1.1524079e-06
4.6877626e-06
1.6310254e-05
3.5534544e-05
2.4908286e-07
1.019457e-06
8.954088e-06
3.796148e-09
5.9750137e-06
0.0043730545
0.0035184487
1.7973175e-06
1.6863116e-05
7.565484e-09
3.310199e-06
3.315646e-06
1.757295e-07
2.9680043e-08
7.684096e-07
1.1665214e-06
2.1975145e-06
2.3949084e-07
8.924817e-07
6.2962124e-07
5.281222e-07
3.9054612e-07
2.1716714e-07
4.740361e-08
5.61696e-09
5.561093e-08
4.171176e-06
2.242168e-07
2.0519199e-06
1.7654023e-06
1.2682266e-06
9.449532e-06
5.9496083e-06
0.031177273
0.8980708
0.00073139713
2.5047675e-06
3.447064e-05
0.00027576945
8.8806325e-07
3.2967955e-07
0.0012972654
2.4376579e-05
3.4528443e-07
2.5936497e-06
9.020345e-05
7.474503e-06
3.1159583e-08
0.0030725354
2.8709562e-07
7.925521e-09
3.6035902e-07
4.5687867e-09
0.00017972113
9.796447e-08
1.4962392e-05
2.4187452e-07
2.5071718e-06
7.415219e-06
4.0255466e-09
1.2782607e-05
2.2600047e-06
1.9249442e-06
6.018044e-07
0.00045372357
1.250581e-06
2.8164342e-05
1.5364765e-05
0.0004286454
0.000101486105
1.0383468e-05
4.568787e-05
6.880994e-05
4.901289e-05
1.716329e-05
4.117714e-07
3.7174468e-06
0.00016853848
7.305204e-09
5.89907e-06
1.7273494e-06
2.9612359e-08
2.6056304e-07
0.0002663498
3.6482803e-07
5.727089e-07
8.229572e-06
5.669353e-10
8.573214e-08
4.212867e-05
1.1216964e-05
4.1038575e-06
1.237046e-05
8.327532e-06
2.0686445e-08
1.1487111e-08
2.8075175e-07
6.002164e-10
3.886082e-09
0.00016064395
1.0253779e-09
3.1872889e-09
6.6727765e-08
2.3837646e-10
5.5352134e-10
6.8861e-09
4.9631155e-10
4.325178e-09
7.0710975e-08
1.6005922e-09
1.893702e-08
1.0855985e-08
2.3238883e-08
3.658204e-10
2.626953e-09
7.2507433e-10
1.4701153e-08
4.0463252e-08
1.8702908e-08
7.470306e-08
5.982112e-08
1.0530294e-08
3.544529e-07
2.321352e-10
1.7275667e-08
8.733651e-09
3.543726e-10
1.9826126e-07
2.2801434e-09
1.4588827e-09
4.0355808e-08
3.078668e-09
1.955071e-08
3.035786e-09
4.737446e-10
4.7379795e-10
2.7222524e-09
1.1515096e-09
3.254484e-08
8.8712154e-10
3.6896695e-09
2.2448874e-09
6.473802e-10
1.0155919e-08
1.3101582e-09
2.9449732e-09
9.435042e-10
2.6253002e-09
5.258077e-10
4.2468462e-10
1.511989e-09
5.2149296e-10
3.6936176e-10
6.042327e-08
1.2292882e-08
2.8930622e-09
4.656543e-09
1.2317473e-09
1.7391216e-08
5.4568925e-08
8.625396e-10
9.6110016e-11
3.4395614e-10
1.1491312e-09
2.0334776e-06
1.0406461e-08
7.120707e-10
2.8868544e-06
2.6080231e-08
3.1735612e-09
3.5750775e-10
1.5826345e-07
8.743651e-09
1.766127e-09
2.6873806e-07
7.261569e-09
1.667775e-09
2.5709143e-10
1.4743434e-09
2.1423327e-08
2.6509891e-08
2.1412012e-08
1.9235942e-07
1.2106016e-08
6.758542e-09
4.935047e-08
5.6844067e-09
2.1510158e-09
7.719822e-09
2.0405924e-09
5.5726743e-09
4.8183413e-10
6.7228223e-10
9.278884e-10
2.696759e-09
7.8040074e-11
4.4323917e-10
9.316058e-09
2.4013715e-09
1.6135582e-09
1.1948345e-09
2.387127e-10
1.9924062e-09
9.938302e-10
4.046362e-09
1.8081002e-08
2.9666616e-09
1.3066843e-09
1.0405255e-07
1.5537043e-09
7.520697e-09
3.0528458e-09
2.703784e-09
3.775727e-09
8.29516e-08
2.2204525e-09
1.4213687e-09
1.4695265e-08
3.244993e-09
1.6875211e-09
3.7327346e-09
4.1941934e-09
2.4469273e-09
5.1841514e-08
7.919888e-08
2.3496721e-08
2.178096e-08
4.6276436e-09
2.328284e-09
3.8643716e-10
1.6594963e-09
2.934275e-09
2.7347375e-09
2.5724669e-08
1.5081727e-09
3.095185e-08
5.132026e-09
1.11324844e-07
9.980675e-08
6.8242256e-10
1.8447466e-08
2.9619886e-07
4.3950937e-08
4.1064077e-09
9.338598e-09
5.4502067e-07
6.246184e-09
5.6562004e-09
3.9798564e-08
2.5688274e-09
5.0739972e-09
1.8678834e-09
1.7873616e-09
4.431887e-09
7.774203e-08
1.6134767e-07
1.260364e-08
9.356767e-09
8.792082e-09
5.7112396e-07
1.574621e-05
5.5255885e-08
5.199349e-09
8.445458e-10
3.3039367e-09
1.6968577e-10
1.5820271e-08
3.288615e-09
4.010908e-09
1.6093244e-07
7.470013e-10
2.4030543e-08
4.5079535e-08
4.0191807e-08
2.6115623e-08
3.8971564e-09
6.5270533e-10
7.490605e-09
2.1242952e-06
4.4459667e-09
4.6860973e-09
1.8158374e-07
5.371971e-09
2.6046628e-06
1.92247e-09
4.44988e-08
1.3436531e-08
3.0709792e-09
2.5736828e-09
1.0057679e-05
3.818595e-07
1.0038168e-09
5.428518e-09
8.186514e-09
3.2387245e-08
1.2895687e-08
3.5228986e-08
1.8361489e-09
1.1284284e-08
8.578083e-09
2.746191e-08
2.850749e-08
3.024304e-08
5.8552367e-09
6.5315184e-08
8.779904e-08
2.9804093e-09
8.3435134e-07
6.19427e-08
6.532621e-10
3.6407621e-09
5.1045284e-08
4.7005605e-10
3.934801e-07
5.7045764e-09
2.802118e-08
1.8752264e-09
1.0054634e-08
1.6185647e-08
5.5177924e-09
7.2184707e-09
4.0726564e-09
1.3022444e-07
1.0512013e-08
4.8552544e-09
1.2119647e-08
3.2647722e-09
2.975452e-08
4.4021917e-08
2.211336e-09
1.7784605e-07
2.6652863e-08
2.6744817e-09
3.8679353e-09
6.9053854e-08
6.9634454e-09
2.6919027e-09
6.052301e-09
1.0670467e-08
2.8820637e-09
4.968043e-09
1.625326e-06
2.9115695e-08
3.6112444e-09
3.6231405e-08
2.4108036e-08
1.0853062e-07
5.3954885e-08
7.0179067e-07
1.3505012e-07
6.294018e-10
7.1728706e-11
5.2610766e-10
8.227887e-09
5.8176575e-08
1.1267143e-06
3.791951e-07
5.6240918e-08
6.139604e-10
1.0999089e-08
1.6007489e-08
6.923754e-09
2.4184936e-09
2.9025884e-07
9.130046e-10
9.413437e-06
3.645708e-10
4.675556e-08
8.7026926e-08
2.928526e-06
1.5092843e-08
3.619713e-09
7.283792e-09
1.9080986e-09
6.631285e-09
3.3367354e-07
8.2098905e-09
2.1769704e-08
1.2764779e-06
1.967558e-08
1.7836563e-09
7.042596e-10
1.1119385e-08
2.3849358e-08
1.3016155e-08
2.485083e-08
4.4260116e-07
3.4445924e-09
1.2599212e-09
3.738442e-09
9.55679e-10
2.3490525e-09
9.708565e-10
5.700065e-08
1.8379755e-08
4.0509565e-09
1.027726e-08
3.6854e-09
7.174766e-09
2.7750653e-09
3.1870886e-07
5.6268785e-09
1.9188358e-09
8.661372e-09
3.2281047e-08
6.8546897e-09
4.396775e-10
6.0540555e-09
2.4056591e-08
2.0438178e-09
2.0199354e-07
3.8783906e-08
2.1993844e-10
1.2717061e-08
1.9940506e-07
8.329807e-07
2.2989838e-08
1.5049113e-07
3.353637e-09
1.9677317e-07
1.3462922e-09
4.5253876e-09
3.2698527e-08
1.2426073e-08
1.46310795e-08
6.463482e-08
2.0389985e-08
6.718083e-09
6.705285e-08
1.3977586e-09
1.849397e-08
1.591941e-07
2.0371259e-07
7.6287385e-08
4.9814528e-08
2.7337583e-08
1.1312068e-07
3.4128828e-08
6.162129e-10
1.4430721e-07
5.4089737e-09
4.9840096e-08
1.2009904e-08
1.7851582e-08
5.379387e-08
4.1397065e-08
8.533586e-08
2.3163741e-08
8.0516276e-07
7.988614e-08
2.2351845e-09
3.723533e-09
5.6879237e-08
2.439904e-09
6.498111e-10
7.939399e-08
1.3560855e-09
9.338443e-08
2.7241914e-08
2.2435573e-08
1.8989386e-09
7.711111e-09
1.2352699e-08
1.1891762e-08
1.3874216e-08
9.1502566e-09
3.29624e-08
8.768059e-07
4.172594e-09
1.2473436e-06
2.1913188e-07
1.9493802e-09
1.15445324e-07
1.3399729e-08
3.6169316e-09
1.5348125e-09
1.2455682e-07
3.2904236e-08
7.301105e-10
7.4779996e-09
7.175029e-08
7.995032e-08
5.1759974e-09
2.1683828e-09
2.7983313e-08
4.547697e-08
5.697258e-09
1.4495298e-09
1.6361765e-08
3.1571454e-09
1.39457965e-08
1.0503088e-09
4.3268717e-08
9.8750704e-08
3.1853564e-09
3.7745007e-10
1.2286875e-09
1.00707644e-10
1.3994159e-08
1.12932256e-07
4.9622592e-08
1.3329553e-08
7.267009e-05
1.5218e-09
7.4564156e-07
2.4422567e-08
1.2484741e-06
6.4144544e-08
1.1729714e-10
1.0004966e-09
6.589228e-08
6.6019306e-09
5.590232e-08
1.2816209e-09
4.4165964e-09
1.946928e-09
1.9991488e-08
2.779983e-08
1.2056032e-07
2.1347459e-08
3.0353733e-10
9.393312e-10
2.3027843e-08
5.524503e-08
1.9563755e-09
1.6064991e-08
8.993241e-06
6.581851e-09
1.376263e-07
1.3678017e-08
1.3951571e-08
7.490733e-09
5.833997e-10
5.682401e-09
7.857231e-09
8.4316457e-07
5.6134206e-07
3.181076e-09
4.5866857e-09
5.703608e-09
1.274193e-07
2.1555326e-10
1.216098e-08
5.1944152e-08
1.0001493e-09
4.073805e-06
1.2171868e-07
4.2909264e-07
4.237705e-07
2.318477e-09
1.4743153e-09
4.310077e-08
8.952807e-10
2.2970136e-10
1.2578575e-07
4.4524757e-09
9.964179e-09
1.3792626e-07
1.1762454e-07
4.462902e-08
4.7677977e-09
7.975461e-08
2.0314764e-07
1.4226089e-08
7.3396694e-10
5.0844697e-09
4.1699227e-08
3.6591146e-08
5.5434604e-08
4.2929518e-09
2.024137e-09
6.335176e-09
4.7925744e-07
2.31633e-08
4.110226e-08
4.9883244e-09
6.776724e-07
2.9556986e-09
4.2885183e-08
2.2906018e-08
6.6312886e-08
7.2275874e-10
2.997022e-08
5.829543e-08
2.9430092e-08
7.7474365e-09
1.307186e-08
2.5913305e-06
2.7171791e-09
7.622043e-09
1.2460172e-09
6.068328e-07
2.941219e-08
5.9868945e-08
4.024783e-07
1.1830047e-08
1.6899119e-08
7.112122e-08
4.0528132e-08
5.983604e-07
5.400418e-09
6.916346e-10
7.186281e-10
5.4497307e-10
8.235097e-08
5.0490826e-08
1.2362121e-09
4.4445168e-09
7.219508e-08
4.8095012e-09
2.2806331e-07
3.7319307e-05
1.62052e-08
1.3537836e-08
2.3963628e-08
2.0654786e-08
2.4773927e-08
1.7400514e-07
3.9731365e-08
5.8571305e-07
1.9523544e-08
7.536852e-09
1.2253749e-07
2.2284524e-07
1.1555998e-09
4.6641993e-08
8.974764e-09
2.2360587e-09
4.8432097e-10
1.2140602e-09
3.39668e-08
0.0035665869
9.295172e-08
3.3179373e-09
1.2329808e-06
1.28217e-07
2.4069704e-09
1.7106021e-06
3.805304e-09
2.670193e-07
1.1670961e-09
3.0907632e-10
5.651114e-08
5.0225797e-09
4.7676796e-09
3.124479e-09
5.276834e-10
1.1226867e-10
6.693079e-09
7.4769765e-08
2.620049e-08
7.806245e-10
2.1239577e-09
2.3203552e-07
1.1334291e-07
9.53967e-10
1.4863526e-08
4.6498183e-08
1.2282921e-08
3.5221961e-10
5.3381044e-08
2.9364403e-10
5.5893683e-08
1.2102213e-07
5.2954397e-07
1.083951e-09
1.5062042e-08
1.6909655e-07
8.518414e-08
4.1712855e-07
3.9590378e-07
5.7202143e-08
9.9967306e-09
1.025151e-09
2.4180582e-07
1.8469542e-08
1.2625302e-05
3.1535e-08
0.00027455235
2.9855568e-10
4.1793724e-09
1.4176297e-07
6.585527e-10
2.950967e-09
1.0564951e-09
3.845052e-07
3.4669367e-09
1.3790746e-07
2.7108754e-08
1.1162177e-09
2.3537123e-09
3.0754388e-06
6.1415717e-10
4.122637e-09
6.13947e-08
1.09002e-08
5.1140297e-08
3.0739387e-09
8.133957e-08
6.689017e-10
5.042696e-10
3.881445e-09
1.532501e-06
4.962974e-10
5.163524e-09
1.3116009e-07
5.4709876e-10
5.158976e-09
1.13062214e-07
5.0085647e-09
3.505249e-09
1.9290945e-07
5.220495e-09
2.0956723e-09
1.3287813e-09
3.3117807e-08
8.701398e-08
6.113341e-08
1.2975182e-08
1.2163781e-07
1.3557907e-09
2.5498919e-09
1.1330459e-08
3.6041314e-08
1.4385638e-07
1.8011919e-08
2.395653e-09
2.1925626e-09
6.943144e-08
2.350646e-07
1.8686613e-08
3.8113614e-09
1.0082095e-08
3.0089686e-09
1.2425426e-09
1.12717435e-08
2.4771873e-06
7.917804e-08
1.3435942e-08
6.779406e-09
3.052671e-09
3.9183616e-09
4.7883784e-08
9.9909165e-09
9.998084e-09
5.4655773e-09
9.886844e-09
2.7291632e-08
4.9841686e-09
2.9410117e-08
1.9372903e-08
1.3079242e-08
6.4326544e-10
3.594088e-08
2.455617e-07
5.170889e-06
1.8790404e-08
3.8258744e-07
3.6214016e-07
2.4800354e-08
5.5751435e-08
1.6644393e-08
8.5057295e-09
4.147238e-08
3.4157416e-08
9.821062e-09
2.7123999e-09
1.1645595e-08
1.3072808e-08
5.45485e-09
8.0162027e-10
4.662569e-09
3.3361988e-10
1.7671153e-08
1.6204089e-08
2.3769568e-08
8.477196e-08
9.775989e-08
9.687884e-10
1.2526805e-08
2.6885585e-08
2.1734314e-08
1.6792014e-06
2.414995e-09
4.0858936e-08
1.5762803e-08
3.7324234e-08
4.1276058e-07
2.8163856e-09
1.7227275e-07
1.6728766e-08
8.579725e-08
8.4416945e-09
5.2662443e-07
4.860096e-07
1.4300843e-09
1.1778595e-09
1.2700893e-08
2.0452917e-09
1.6507117e-08
2.8606717e-09
3.428319e-08
2.105151e-09
1.944818e-07
3.0453275e-08
2.0135211e-09
2.4533158e-09
1.0598603e-08
1.7302511e-08
2.9910987e-09
7.659356e-08
1.1615796e-09
8.1542786e-11
2.4274317e-07
1.7458176e-09
3.5713923e-09
4.4014275e-08
8.851225e-09
2.1254786e-08
1.1052673e-08
3.5665932e-09
8.851479e-09
6.9982203e-10
5.3733746e-09
8.664153e-08
9.654691e-06
